CHR POS REF ALT SNP RSID B2_beta B2_sebeta B2_pval C2_beta C2_sebeta C2_pval C2_B2_beta C2_B2_sebeta C2_B2_pval prob_inf prob_sev
1 155127096 C T 1:155127096:C:T rs148063273 0.27662 0.056941 1.186e-06 0.14785 0.027139 5.102e-08 0.112788862157018 0.0301622330936302 0.000184454955829362 0.994002921375056 0.005997078624944
1 155203736 G A 1:155203736:G:A rs67579710 -0.1035 0.016868 8.461e-10 -0.016251 0.0074296 0.02872 0.00549115590618115 0.00855814773752876 0.521114088889711 1.75335970706756e-07 0.999999824664029
3 45793925 G A 3:45793925:G:A rs73062389 0.16524 0.024683 2.166e-11 0.2064 0.010753 4.161e-82 0.21665693288288 0.0125231657935394 4.6638678208553e-67 1 1.62672360121349e-63
3 45838989 T C 3:45838989:T:C rs35508621 0.39561 0.019124 4.551e-95 0.10766 0.0085999 5.927e-36 0.0359038332452536 0.00970275179822741 0.000215279960756978 2.43792823973159e-53 1
3 101780431 T C 3:101780431:T:C rs17412601 -0.05626 0.011592 1.214e-06 -0.053697 0.0050454 1.884e-26 -0.0530583090627108 0.0058813166097601 1.85528000064911e-19 0.999999999999739 2.60650638637463e-13
6 31153455 T C 6:31153455:T:C rs111837807 0.12413 0.0182 9.09e-12 0.042287 0.0082215 2.697e-07 0.0218920010220222 0.00923395119889871 0.0177488552671629 7.79937573135824e-05 0.999922006242686
6 33076153 A G 6:33076153:A:G rs2071351 0.048486 0.012689 0.0001328 0.031755 0.0057917 4.184e-08 0.027585691349284 0.00643789048147394 1.82824668501411e-05 0.993806246125659 0.00619375387434074
6 41522644 G C 6:41522644:G:C rs41435745 0.18771 0.026104 6.45e-13 0.072406 0.012087 2.097e-09 0.0428220042366437 0.0134334688604115 0.00143404237949027 0.00184050893046574 0.998159491069534
9 133273813 C T 9:133273813:C:T rs505922 -0.10495 0.010688 9.363e-23 -0.093162 0.0048242 4.311e-83 -0.090224470242386 0.00542266320955107 3.67267082739969e-62 1 9.5304845742462e-40
10 79946568 A G 10:79946568:A:G rs721917 0.058547 0.010534 2.726e-08 0.021722 0.00468 3.458e-06 0.0125453344652074 0.00534452977632961 0.0189088852629306 0.00705518250711768 0.992944817492882
11 1219991 G T 11:1219991:G:T rs35705950 -0.11116 0.019347 9.155e-09 -0.0056852 0.0081477 0.4853 0.0205987636646068 0.00981589306841172 0.0358599924955045 1.63543338548087e-07 0.999999836456661
11 34507219 C T 11:34507219:C:T rs766826 -0.08322 0.011926 2.987e-12 -0.016872 0.0050772 0.0008904 -0.000338302650307652 0.00605077483505857 0.955413000285823 4.36115317490751e-08 0.999999956388468
12 112936943 C T 12:112936943:C:T rs10774679 0.077151 0.010868 1.26e-12 0.022428 0.004878 4.268e-06 0.00879121335884708 0.00551398800162809 0.110858209092706 3.0746167588012e-06 0.999996925383241
12 132564254 T C 12:132564254:T:C rs12809318 -0.061911 0.010825 1.071e-08 -0.016275 0.004789 0.0006776 -0.00490266304559957 0.0054921715235208 0.372037208259975 7.96414242214967e-05 0.999920358575779
16 89196249 G A 16:89196249:G:A rs117169628 0.085981 0.015969 7.275e-08 0.015906 0.0069258 0.02164 -0.00155645315276559 0.00810203113709964 0.847658753690461 1.08780707096585e-05 0.99998912192929
17 45707983 T C 17:45707983:T:C rs61667602 -0.093468 0.01355 5.278e-12 -0.014726 0.0060025 0.01415 0.00489624025908052 0.00687472740357569 0.47633558709753 6.6626730168652e-09 0.999999993337327
17 49863303 C T 17:49863303:C:T rs77534576 0.21025 0.031947 4.665e-11 0.042729 0.01386 0.00205 0.00098333300600153 0.0162086285138031 0.951624210019136 1.4491451828504e-07 0.999999855085482
19 4719431 G A 19:4719431:G:A rs2109069 0.11056 0.011633 2.012e-21 0.038017 0.005194 2.489e-13 0.0199395295888538 0.00590211836795542 0.000729173506388923 5.57850057692901e-08 0.999999944214994
19 10355447 C T 19:10355447:C:T rs11085727 0.08701 0.011737 1.231e-13 0.022891 0.0052151 1.137e-05 0.00691276191648696 0.0059548838033777 0.245700511072353 1.46542459866206e-07 0.99999985345754
19 48867352 G T 19:48867352:G:T rs4801778 -0.040975 0.014202 0.003913 -0.042769 0.0062437 7.386e-12 -0.0432160587364404 0.00720552609487689 2.00221615858188e-09 0.999999003693668 9.96306331860081e-07
19 50379362 T C 19:50379362:T:C rs1405655 0.072116 0.010968 4.865e-11 0.020705 0.0048806 2.212e-05 0.00789355256458321 0.00556472399722643 0.156045280420668 1.39263853971276e-05 0.999986073614603
21 33242905 T C 21:33242905:T:C rs13050728 -0.10912 0.011146 1.247e-22 -0.024679 0.0049668 6.74e-07 -0.00363658820302991 0.00565503406939148 0.520178055051398 9.07247047456298e-14 0.999999999999909
23 15602217 T C 23:15602217:T:C rs190509934 -0.40873 0.11757 0.0005083 -0.38417 0.046879 2.507e-16 -0.378049731010604 0.0596503100249737 2.33119902217124e-10 0.999999999951707 4.82926635719973e-11
